epoch = 5.0
eval_accuracy = 0.8221090168110036
eval_loss = 0.8824708461761475
eval_runtime = 18.1167
eval_samples_per_second = 541.765
