epoch = 5.0
eval_accuracy = 0.8206875508543532
eval_loss = 0.8706700205802917
eval_runtime = 17.8278
eval_samples_per_second = 551.498
